OPTIONS:5,True,False,Feet
HOME:41.252016,-81.815373,150
41.252024,-81.814534,150
